0.00000000000000000000000000000000000
0.00000000000000000000000000000000000
0.00000000000000000000000000000000000
0.00000002500000000000000200000000000
1.00000000000000000000000000000000000
1.00000000000000000000000000000000000
1.00000000000000000000000000000000000
0.00000002500000000000000200000000000
-0.00000003984839946133851800000000000
-0.00000000374547057441197520000000000
0.00000000000000000000000000000000000
0.00000002500000000000000200000000000
0.00000007969679892267703700000000000
0.00000000497643663474267390000000000
1.00000000000000000000000000000000000
0.00000002500000000000000200000000000
-0.00000000000000525704655667916330000
-0.00000000000000029815693057558280000
0.00000000000000000000000000000000000
0.00000002500000000000000200000000000
0.00000000000000526427729744660800000
0.00000000000000059631386115116560000
1.00000000000000000000000000000000000
0.00000002500000000000000200000000000
-0.00000000000000000000026326756269406
-0.00000000000000000000001868853629928
0.00000000000000000000000000000000000
0.00000002500000000000000200000000000
0.00000000000000000000052653512538811
0.00000000000000000000007374208168454
1.00000000000000000000000000000000000
0.00000002500000000000000200000000000
-0.00000000000000000000000000000011409
-0.00000000000000000000000000000394778
0.00000000000000000000000000000000000
0.00000002500000000000000200000000000
0.00000000000000000000000000004973467
0.00000000000000000000000000000789557
1.00000000000000000000000000000000000
0.00000002500000000000000200000000000
0.00000000000000000000000000000000000
0.00000000000000000000000000000000000
0.00000000000000000000000000000000000
0.00000002500000000000000200000000000
1.00000000000000000000000000000000000
1.00000000000000000000000000000000000
1.00000000000000000000000000000000000
0.00000002500000000000000200000000000
0.00000000000000000000000000000000000
0.00000000000000000000000000000000000
0.00000000000000000000000000000000000
0.00000002500000000000000200000000000
1.00000000000000000000000000000000000
1.00000000000000000000000000000000000
1.00000000000000000000000000000000000
0.00000002500000000000000200000000000
0.00000000000000000000000000000000000
0.00000000000000000000000000000000000
0.00000000000000000000000000000000000
0.00000002500000000000000200000000000
1.00000000000000000000000000000000000
1.00000000000000000000000000000000000
1.00000000000000000000000000000000000
0.00000002500000000000000200000000000
0.00000000000000000000000000000000000
0.00000000000000000000000000000000000
0.00000000000000000000000000000000000
0.00000002500000000000000200000000000
1.00000000000000000000000000000000000
1.00000000000000000000000000000000000
1.00000000000000000000000000000000000
0.00000002500000000000000200000000000
0.00000000000000000000000000000000000
0.00000000000000000000000000000000000
0.00000000000000000000000000000000000
0.00000002500000000000000200000000000
1.00000000000000000000000000000000000
1.00000000000000000000000000000000000
1.00000000000000000000000000000000000
0.00000002500000000000000200000000000
0.00000000000000000000000000000000000
0.00000000000000000000000000000000000
0.00000000000000000000000000000000000
0.00000002500000000000000200000000000
1.00000000000000000000000000000000000
1.00000000000000000000000000000000000
1.00000000000000000000000000000000000
0.00000002500000000000000200000000000
0.00000000000000000000000000000000000
0.00000000000000000000000000000000000
0.00000000000000000000000000000000000
0.00000002500000000000000200000000000
1.00000000000000000000000000000000000
1.00000000000000000000000000000000000
1.00000000000000000000000000000000000
0.00000002500000000000000200000000000
0.00000000000000000000000000000000000
0.00000000000000000000000000000000000
0.00000000000000000000000000000000000
0.00000002500000000000000200000000000
1.00000000000000000000000000000000000
1.00000000000000000000000000000000000
1.00000000000000000000000000000000000
0.00000002500000000000000200000000000
0.00000000000000000000000000000000000
0.00000000000000000000000000000000000
0.00000000000000000000000000000000000
0.00000002500000000000000200000000000
1.00000000000000000000000000000000000
1.00000000000000000000000000000000000
1.00000000000000000000000000000000000
0.00000002500000000000000200000000000
0.00000000000000000000000000000000000
0.00000000000000000000000000000000000
0.00000000000000000000000000000000000
0.00000002500000000000000200000000000
1.00000000000000000000000000000000000
1.00000000000000000000000000000000000
1.00000000000000000000000000000000000
0.00000002500000000000000200000000000
0.00000000000000000000000000000000000
0.00000000000000000000000000000000000
0.00000000000000000000000000000000000
0.00000002500000000000000200000000000
1.00000000000000000000000000000000000
1.00000000000000000000000000000000000
1.00000000000000000000000000000000000
0.00000002500000000000000200000000000
0.00000000000000000000000000000000000
0.00000000000000000000000000000000000
0.00000000000000000000000000000000000
0.00000002500000000000000200000000000
1.00000000000000000000000000000000000
1.00000000000000000000000000000000000
1.00000000000000000000000000000000000
0.00000002500000000000000200000000000
0.00000000000000000000000000000000000
0.00000000000000000000000000000000000
0.00000000000000000000000000000000000
0.00000002500000000000000200000000000
1.00000000000000000000000000000000000
1.00000000000000000000000000000000000
1.00000000000000000000000000000000000
0.00000002500000000000000200000000000
0.00000000000000000000000000000000000
0.00000000000000000000000000000000000
0.00000000000000000000000000000000000
0.00000002500000000000000200000000000
1.00000000000000000000000000000000000
1.00000000000000000000000000000000000
1.00000000000000000000000000000000000
0.00000002500000000000000200000000000
0.00000000000000000000000000000000000
0.00000000000000000000000000000000000
0.00000000000000000000000000000000000
0.00000002500000000000000200000000000
1.00000000000000000000000000000000000
1.00000000000000000000000000000000000
1.00000000000000000000000000000000000
0.00000002500000000000000200000000000
0.00000000000000000000000000000000000
0.00000000000000000000000000000000000
0.00000000000000000000000000000000000
0.00000002500000000000000200000000000
1.00000000000000000000000000000000000
1.00000000000000000000000000000000000
1.00000000000000000000000000000000000
0.00000002500000000000000200000000000
0.00000000000000000000000000000000000
0.00000000000000000000000000000000000
0.00000000000000000000000000000000000
0.00000002500000000000000200000000000
1.00000000000000000000000000000000000
1.00000000000000000000000000000000000
1.00000000000000000000000000000000000
0.00000002500000000000000200000000000
0.00000000000000000000000000000000000
0.00000000000000000000000000000000000
0.00000000000000000000000000000000000
0.00000002500000000000000200000000000
1.00000000000000000000000000000000000
1.00000000000000000000000000000000000
1.00000000000000000000000000000000000
0.00000002500000000000000200000000000
0.00000000000000000000000000000000000
0.00000000000000000000000000000000000
0.00000000000000000000000000000000000
0.00000002500000000000000200000000000
1.00000000000000000000000000000000000
1.00000000000000000000000000000000000
1.00000000000000000000000000000000000
0.00000002500000000000000200000000000
0.00000000000000000000000000000000000
0.00000000000000000000000000000000000
0.00000000000000000000000000000000000
0.00000002500000000000000200000000000
1.00000000000000000000000000000000000
1.00000000000000000000000000000000000
1.00000000000000000000000000000000000
0.00000002500000000000000200000000000
0.00000000000000000000000000000000000
0.00000000000000000000000000000000000
0.00000000000000000000000000000000000
0.00000002500000000000000200000000000
1.00000000000000000000000000000000000
1.00000000000000000000000000000000000
1.00000000000000000000000000000000000
0.00000002500000000000000200000000000
0.00000000000000000000000000000000000
0.00000000000000000000000000000000000
0.00000000000000000000000000000000000
0.00000002500000000000000200000000000
1.00000000000000000000000000000000000
1.00000000000000000000000000000000000
1.00000000000000000000000000000000000
0.00000002500000000000000200000000000
0.00000000000000000000000000000000000
0.00000000000000000000000000000000000
0.00000000000000000000000000000000000
0.00000002500000000000000200000000000
1.00000000000000000000000000000000000
1.00000000000000000000000000000000000
1.00000000000000000000000000000000000
0.00000002500000000000000200000000000
0.00000000000000000000000000000000000
0.00000000000000000000000000000000000
0.00000000000000000000000000000000000
0.00000002500000000000000200000000000
1.00000000000000000000000000000000000
1.00000000000000000000000000000000000
1.00000000000000000000000000000000000
0.00000002500000000000000200000000000
0.00000000000000000000000000000000000
0.00000000000000000000000000000000000
0.00000000000000000000000000000000000
0.00000002500000000000000200000000000
1.00000000000000000000000000000000000
1.00000000000000000000000000000000000
1.00000000000000000000000000000000000
0.00000002500000000000000200000000000
0.00000000000000000000000000000000000
0.00000000000000000000000000000000000
0.00000000000000000000000000000000000
0.00000002500000000000000200000000000
1.00000000000000000000000000000000000
1.00000000000000000000000000000000000
1.00000000000000000000000000000000000
0.00000002500000000000000200000000000
0.00000000000000000000000000000000000
0.00000000000000000000000000000000000
0.00000000000000000000000000000000000
0.00000002500000000000000200000000000
1.00000000000000000000000000000000000
1.00000000000000000000000000000000000
1.00000000000000000000000000000000000
0.00000002500000000000000200000000000
0.00000000000000000000000000000000000
0.00000000000000000000000000000000000
0.00000000000000000000000000000000000
0.00000002500000000000000200000000000
1.00000000000000000000000000000000000
1.00000000000000000000000000000000000
1.00000000000000000000000000000000000
0.00000002500000000000000200000000000
0.00000000000000000000000000000000000
0.00000000000000000000000000000000000
0.00000000000000000000000000000000000
0.00000002500000000000000200000000000
1.00000000000000000000000000000000000
1.00000000000000000000000000000000000
1.00000000000000000000000000000000000
0.00000002500000000000000200000000000
0.00000000000000000000000000000000000
0.00000000000000000000000000000000000
0.00000000000000000000000000000000000
0.00000002500000000000000200000000000
1.00000000000000000000000000000000000
1.00000000000000000000000000000000000
1.00000000000000000000000000000000000
0.00000002500000000000000200000000000
0.00000000000000000000000000000000000
0.00000000000000000000000000000000000
0.00000000000000000000000000000000000
0.00000002500000000000000200000000000
1.00000000000000000000000000000000000
1.00000000000000000000000000000000000
1.00000000000000000000000000000000000
0.00000002500000000000000200000000000
0.00000000000000000000000000000000000
0.00000000000000000000000000000000000
0.00000000000000000000000000000000000
0.00000002500000000000000200000000000
1.00000000000000000000000000000000000
1.00000000000000000000000000000000000
1.00000000000000000000000000000000000
0.00000002500000000000000200000000000
0.00000000000000000000000000000000000
0.00000000000000000000000000000000000
0.00000000000000000000000000000000000
0.00000002500000000000000200000000000
1.00000000000000000000000000000000000
1.00000000000000000000000000000000000
1.00000000000000000000000000000000000
0.00000002500000000000000200000000000
0.00000000000000000000000000000000000
0.00000000000000000000000000000000000
0.00000000000000000000000000000000000
0.00000002500000000000000200000000000
1.00000000000000000000000000000000000
1.00000000000000000000000000000000000
1.00000000000000000000000000000000000
0.00000002500000000000000200000000000
